2563	32.63	110.2	31.81	28.79	28.34	28.13	3.32	1.48	1.12	1.06	1.02
2571	33.65	30.83	30.87	31.75	32.32	32.55	1.32	1.28	1.26	1.29	1.3
2591	52.89	61.72	61.79	67.65	67.64	66.66	1.78	1.73	1.75	1.7	1.64
2605	47.82	40.1	41.38	45.12	45.57	46.7	1.16	1.15	1.19	1.19	1.23
2654	38.04	78.95	112.55	96.21	59.64	52.83	5.81	6.66	5.94	4.38	3.91
2655	32.32	27.96	28.53	30	30.61	30.74	1	1	1.04	1.07	1.08
2676	41.19	39.93	39.67	40.04	40.15	40.22	1.19	1.16	1.1	1.09	1.09
2718	41.68	32.52	34.62	37.17	37.8	37.89	1.27	1.32	1.33	1.33	1.32
2736	42.52	743.54	157.8	47.38	46.63	46.33	6.17	3.99	1.77	1.67	1.62
2755	34.74	29.06	29.12	29.8	30.18	30.43	1.11	1.07	1.03	1.04	1.05
2780	32.01	24.67	25.43	28.54	29.82	30.33	1.09	1.11	1.27	1.35	1.38
2808	17.79	18.55	18.28	18.43	18.57	18.67	1.06	1	0.92	0.92	0.93
2839	37.6	255.84	260.71	78.41	53.41	49.11	8.34	8.38	5.17	3.84	3.45
2877	37.93	33.57	34.87	38.99	41.63	42.19	1.65	1.64	1.72	1.83	1.83
2931	21.1	30.56	26.64	20.41	20.23	20.27	3.65	3.31	2.42	2.33	2.3
2960	61.79	148.66	164.27	107.16	102.32	100.04	2.96	3.06	2.13	1.95	1.85
3018	37.31	40.06	35.67	34.9	35.22	35.32	1.51	1.27	1.11	1.11	1.1
3080	36.76	41.05	36.35	33.97	34.02	34.12	1.58	1.37	1.12	1.09	1.09
3098	42.61	47.79	40.81	39.69	39.95	40.11	1.26	1.02	0.89	0.89	0.89
3119	32.1	23.93	25	27.67	28.07	28.18	0.99	1.05	1.21	1.22	1.23
3131	50.99	53.08	51.41	54.66	55.36	56.2	1.08	1	1.02	1.02	1.04
3141	30.01	23.58	23.72	24.99	25.01	25.04	1.1	1.06	1.06	1.04	1.04
3146	57.83	52.16	53.36	58.37	58.36	57.05	0.99	0.99	1.06	1.04	0.99
3166	50.51	74.36	60.16	51.24	49.99	49.92	1.88	1.58	1.2	1.11	1.09
3209	28.17	26.31	26.68	27.95	28.32	28.68	0.9	0.9	0.96	0.98	1
3223	44.89	38.86	40.63	47.55	51.53	55.45	1.07	1.1	1.27	1.39	1.51
3292	44.29	1064.53	125.75	47.14	48.55	50.19	6.35	3.38	1.41	1.48	1.59
3308	8.26	16.47	12.48	7.16	6.98	6.98	6.57	5.63	3.19	2.93	2.87
3312	23.8	22.27	22.76	23.49	23.94	24.25	1.68	1.71	1.71	1.73	1.76
3406	32.68	29.94	30.43	32.38	33.22	33.65	1.34	1.33	1.38	1.43	1.45
3438	36.98	30.25	31.24	33.14	33.72	34.04	1.16	1.15	1.15	1.16	1.17
2489	43.53	190	144.35	67.46	65.27	64.69	4.62	4.1	2.25	2.05	1.96
2510	45.51	110.6	140.21	244.69	192.84	142.82	4.92	5.43	6.68	6.09	5.3
2516	42.43	64.57	67.94	130.43	160.42	149.42	3.38	3.49	4.97	5.47	5.3
2529	32.88	37.07	38.43	34.13	33.62	33.33	1.77	1.81	1.47	1.4	1.36
2535	58.03	172.24	188.52	147.77	120.74	110.86	3.81	3.97	3.53	3.05	2.8
2541	53.93	237.3	240.75	161.97	124.4	107.41	4.97	4.99	4.24	3.64	3.21
2585	52.25	67.08	72.03	70.81	70.97	71.02	1.67	1.75	1.6	1.57	1.55
2692	56.82	101.2	90.89	91.6	93.66	94.32	1.92	1.7	1.6	1.61	1.6
2778	63.94	111.15	145.09	135.35	106.27	99.53	2.55	2.95	2.71	2.11	1.88
2784	47.83	39.99	42.81	51.59	53.67	54.97	1.11	1.18	1.41	1.45	1.48
2799	25.94	24.31	24.63	25.34	28.12	31.26	1.89	1.9	1.89	2.15	2.44
2805	34.79	42.72	50.84	58.09	52.55	50.52	3.4	3.84	4	3.57	3.39
2861	35.15	53.65	55.48	60.93	58.85	57.19	3.13	3.2	3.37	3.23	3.09
2879	44.61	53.48	48.98	47.5	47.72	48.02	2.01	1.82	1.6	1.56	1.55
2922	35.47	62.62	61.77	44.23	39.78	37.85	3.21	3.18	2.4	2.09	1.93
2940	39.23	684.93	492.12	54.84	35.64	32.71	11.98	11.28	5.48	3.81	3.09
3017	48.3	62.49	84.49	58.5	52.59	50.52	3.21	3.67	2.73	2.42	2.29
3034	60.42	100.34	83.9	77.58	85.65	87.7	2.34	2.06	1.78	1.92	1.94
3068	77.17	1504.98	1188.41	116.05	105.26	103.16	7.1	6.64	2.16	1.78	1.65
3133	36.73	48.45	53.39	55.78	54.54	54.36	2.2	2.38	2.45	2.37	2.34
3170	59.89	1379.53	3706.07	169.13	101.56	93.3	8.91	10.59	4.53	3.17	2.79
3201	53.34	250.37	227.78	103.51	86.29	82.53	4.69	4.52	2.95	2.41	2.21
3213	39.52	142.7	133.59	57.73	49.42	47.6	5.82	5.69	3.71	3.17	3
3222	22.57	1360.61	1254.89	62	39.59	31.8	20	19.96	9.51	7.64	6.59
3254	38.83	5678.66	5228.1	74.32	62.31	59.35	14.26	14.04	4.2	3.57	3.38
3269	33.37	262.16	226.89	61.2	55.94	54.74	6.89	6.59	3.48	3.16	3.07
3339	38.14	35.8	38.43	46.16	46.73	46.8	1.19	1.35	1.72	1.72	1.7
3367	61.56	5889.03	6599.24	234.77	122.64	104.08	11.76	11.86	5.28	3.54	2.92
3400	34.27	48.68	47.82	49.95	61.35	74.28	3.23	3.15	3.25	3.86	4.43
3681	39.57	40.33	42.35	43.05	43.71	44.05	1.58	1.66	1.62	1.63	1.63
3707	44.75	97.36	93.97	66.6	64.59	63.99	3	2.94	2.16	2.03	1.98
3780	53.62	76.8	80.82	76.54	75.45	74.44	2.1	2.14	1.91	1.82	1.76
2692	56.82	101.2	90.89	91.6	93.66	94.32	1.92	1.7	1.6	1.61	1.6
2879	44.61	53.48	48.98	47.5	47.72	48.02	2.01	1.82	1.6	1.56	1.55
3473	34.43	31.48	32.36	33.15	33.34	33.61	1.58	1.61	1.55	1.54	1.54
3681	39.57	40.33	42.35	43.05	43.71	44.05	1.58	1.66	1.62	1.63	1.63
4035	55.26	61.25	62.99	61.97	64.48	65.74	1.72	1.72	1.58	1.63	1.64
4135	71.65	137.95	97.1	83.12	83.26	83.38	1.49	1.1	0.76	0.74	0.74
4215	57.47	67.96	71.85	77.42	78.39	78.55	0.92	0.97	1	1.01	1
4381	28.67	28.03	30.02	33.81	34.91	35.32	1.57	1.72	1.97	2.03	2.05
4430	44.59	56.1	59.82	64.93	64.58	64.37	1.27	1.36	1.45	1.41	1.38
5102	64.26	118.84	102.43	93.59	94.12	94.27	1.42	1.21	0.99	0.99	0.99
5364	86.21	25354.96	13893.79	271.72	140.98	139.23	11.57	10.19	4	1.52	1.3
5365	84.21	1347.6	547.2	100.39	101.52	102.4	3.94	3.25	1.06	1.04	1.05
